6 100 36 18 250
0 40
4 40
3 57
1 39
0 47
3 49
0 42
3 18
3 52
0 10
5 44
2 48
5 38
1 48
1 54
0 73
3 64
4 63
1 27
3 72
1 61
4 44
5 83
5 92
3 35
4 27
2 73
2 61
3 66
0 51
5 4
4 28
3 37
5 3
4 23
3 94
2 28
5 55
2 40
3 18
1 6
4 68
3 18
2 40
3 60
5 25
4 60
3 27
4 24
3 36
5 95
2 26
1 19
5 45
4 56
1 17
3 51
3 15
2 10
5 95
5 45
1 19
5 30
3 18
4 68
1 12
3 27
5 55
2 26
4 32
2 40
4 48
3 18
2 20
3 24
2 12
4 32
5 90
1 8
4 32
1 19
3 36
4 68
1 6
3 33
3 48
4 80
1 11
2 36
2 16
3 33
2 16
5 60
5 65
1 20
5 100
5 90
1 12
2 22
1 11
5 45
4 48
3 60
5 65
4 28
2 40
3 39
4 20
3 39
5 35
5 30
1 14
4 32
1 19
2 28
4 44
3 39
5 40
4 32
2 30
2 20
4 24
3 60
5 30
2 18
5 95
5 50
1 18
4 56
5 75
1 18
2 30
5 35
1 6
3 27
4 64
2 30
2 24
5 90
1 11
2 10
4 60
2 32
3 33
1 6
5 95
3 54
3 21
1 9
5 85
5 95
2 16
1 17
5 55
4 28
5 90
5 85
5 25
4 40
5 85
5 85
2 34
1 18
5 40
5 60
2 34
2 10
1 10
5 100
2 30
2 40
3 60
1 20
1 20
2 12
3 48
2 28
3 33
3 27
4 20
5 65
4 64
4 40
1 15
2 20
5 80
2 18
3 33
2 14
3 60
4 76
4 36
3 15
2 22
3 45
3 36
2 24
5 85
1 6
3 45
2 36
4 60
2 16
1 8
3 54
1 11
4 32
4 48
2 30
1 17
4 24
3 21
5 65
1 8
5 60
5 75
5 70
5 95
4 64
3 54
3 57
4 48
2 16
4 68
3 45
2 12
2 18
2 26
1 8
4 64
1 11
3 33
2 22
5 70
4 72
4 44
1 10
4 72
5 55
4 52
4 32
2 22
1 10
4 44
1 12
1 14
1 11
3 15
4 28
3 15
2 16
2 34
2 34
5 45
1 5
3 60
2 30
4 60
4 80
1 5
1 7
4 56
2 32
4 28
4 64
1 18
5 30
1 9
4 80
2 32
1 16
4 24
4 72
4 24
5 85
2 22
2 26
2 36
5 30
5 75
5 80
3 48
5 45
5 65
3 33
4 36
